% Este es un comentaro. Esta es la línea de comando
a = 3 % Se define la variable a como 3

a =

     3

a+5

ans =

     8

b=2*a+4; % El punto y coma se usa para 
% no escribir el resultado en la pantalla
b

b =

    10

sqrt(a)

ans =

    1.7321

format long e
% Para que úmeros con 16 cifras decimales
sqrt(a)

ans =

     1.732050807568877e+00

% Flechas para editar lo escrito
format long e % Para que números con 16 cifras decimales

format short e % Para mostrar números con 4 cifras decimales
sqrt(a)

ans =

   1.7321e+00

format short %quita la e
b

b =

    10

sqrt(a)

ans =

    1.7321

sqrt(-1)

ans =

   0.0000 + 1.0000i

i

ans =

   0.0000 + 1.0000i

i=4

i =

     4

sqrt(3-2*sqrt(-1))

ans =

   1.8174 - 0.5503i

%eliminar
clear i
i

ans =

   0.0000 + 1.0000i

sqrt(-1)

ans =

   0.0000 + 1.0000i

clear a
a
{Undefined function or variable 'a'.
} 
%eliminar de la memoria la variable
sqrt(i)

ans =

   0.7071 + 0.7071i

exp(1) %número e

ans =

    2.7183

pi %número PI

ans =

    3.1416

log(3) %ln(3)

ans =

    1.0986

log(exp(4))

ans =

     4

log(exp(4.1))

ans =

    4.1000

format long
log(exp(4.1))

ans =

   4.100000000000000

format long e
log(exp(4.1))

ans =

     4.100000000000000e+00

% Definir una matriz
W={3,4,-1,0;2,1,3.5,-3;1,2,1,4}

W =

  3×4 <a href="matlab:helpPopup cell" style="font-weight:bold">cell</a> array

    {[3]}    {[4]}    {[                   -1]}    {[ 0]}
    {[2]}    {[1]}    {[3.500000000000000e+00]}    {[-3]}
    {[1]}    {[2]}    {[                    1]}    {[ 4]}

format short
w
{Undefined function or variable 'w'.
} 
W

W =

  3×4 <a href="matlab:helpPopup cell" style="font-weight:bold">cell</a> array

    {[3]}    {[4]}    {[    -1]}    {[ 0]}
    {[2]}    {[1]}    {[3.5000]}    {[-3]}
    {[1]}    {[2]}    {[     1]}    {[ 4]}

W=[3,4,-1,0;2,1,3.5,-3;1,2,1,4]

W =

    3.0000    4.0000   -1.0000         0
    2.0000    1.0000    3.5000   -3.0000
    1.0000    2.0000    1.0000    4.0000

W' %Transpuesta

ans =

    3.0000    2.0000    1.0000
    4.0000    1.0000    2.0000
   -1.0000    3.5000    1.0000
         0   -3.0000    4.0000

C=W'

C =

    3.0000    2.0000    1.0000
    4.0000    1.0000    2.0000
   -1.0000    3.5000    1.0000
         0   -3.0000    4.0000

C*W

ans =

   14.0000   16.0000    5.0000   -2.0000
   16.0000   21.0000    1.5000    5.0000
    5.0000    1.5000   14.2500   -6.5000
   -2.0000    5.0000   -6.5000   25.0000

W*W
{Error using <a href="matlab:matlab.internal.language.introspective.errorDocCallback('mtimes')" style="font-weight:bold"> * </a>
Incorrect dimensions for matrix multiplication. Check that the number of columns in the first matrix matches the number of rows in the second matrix. To perform
elementwise multiplication, use '.*'.
} 
inv(C*W) %inversa
[Warning: Matrix is close to singular or badly scaled. Results may be inaccurate. RCOND =  8.852261e-18.] 

ans =

   1.0e+15 *

    1.1986   -0.9527   -0.2151    0.2305
   -0.9527    0.7573    0.1710   -0.1832
   -0.2151    0.1710    0.0386   -0.0414
    0.2305   -0.1832   -0.0414    0.0443

inv(W*C)

ans =

    0.0538   -0.0182   -0.0282
   -0.0182    0.0456    0.0176
   -0.0282    0.0176    0.0619

%Definir un vector de cuatro entradas = matrriz 1x4
b=[2,1,3,-1]

b =

     2     1     3    -1

b'

ans =

     2
     1
     3
    -1

W(2,3) %Entrada (2,3) de W

ans =

    3.5000

W(2,3)=7

W =

     3     4    -1     0
     2     1     7    -3
     1     2     1     4

%Se sustituyó la entrada (2,3) de W
b(2)

ans =

     1

b(2)=2.3

b =

    2.0000    2.3000    3.0000   -1.0000

W*b
{Error using <a href="matlab:matlab.internal.language.introspective.errorDocCallback('mtimes')" style="font-weight:bold"> * </a>
Incorrect dimensions for matrix multiplication. Check that the number of columns in the first matrix matches the number of rows in the second matrix. To perform
elementwise multiplication, use '.*'.
} 
W*b'

ans =

   12.2000
   30.3000
    5.6000

% Definir una matriz de tamaño 8x7 con entradas cero
F=zeros(8,7)

F =

     0     0     0     0     0     0     0
     0     0     0     0     0     0     0
     0     0     0     0     0     0     0
     0     0     0     0     0     0     0
     0     0     0     0     0     0     0
     0     0     0     0     0     0     0
     0     0     0     0     0     0     0
     0     0     0     0     0     0     0

% Modificar la entrada de F para que sea 4
F(7,2)=4

F =

     0     0     0     0     0     0     0
     0     0     0     0     0     0     0
     0     0     0     0     0     0     0
     0     0     0     0     0     0     0
     0     0     0     0     0     0     0
     0     0     0     0     0     0     0
     0     4     0     0     0     0     0
     0     0     0     0     0     0     0

W

W =

     3     4    -1     0
     2     1     7    -3
     1     2     1     4

%Modificar la matriz F de tal forma que W ocupe los renglones 2 a 4 de F
F(2:4,3:6)=W

F =

     0     0     0     0     0     0     0
     0     0     3     4    -1     0     0
     0     0     2     1     7    -3     0
     0     0     1     2     1     4     0
     0     0     0     0     0     0     0
     0     0     0     0     0     0     0
     0     4     0     0     0     0     0
     0     0     0     0     0     0     0

% Crear una matriz de 8x9 con entradas 1
G=ones(8,9)

G =

     1     1     1     1     1     1     1     1     1
     1     1     1     1     1     1     1     1     1
     1     1     1     1     1     1     1     1     1
     1     1     1     1     1     1     1     1     1
     1     1     1     1     1     1     1     1     1
     1     1     1     1     1     1     1     1     1
     1     1     1     1     1     1     1     1     1
     1     1     1     1     1     1     1     1     1

R=2G
 R=2G
    
{Error: Invalid expression. Check for missing multiplication operator, missing or unbalanced delimiters, or other syntax error. To construct matrices, use brackets
instead of parentheses.
} 
R = 2*G

R =

     2     2     2     2     2     2     2     2     2
     2     2     2     2     2     2     2     2     2
     2     2     2     2     2     2     2     2     2
     2     2     2     2     2     2     2     2     2
     2     2     2     2     2     2     2     2     2
     2     2     2     2     2     2     2     2     2
     2     2     2     2     2     2     2     2     2
     2     2     2     2     2     2     2     2     2

R+4

ans =

     6     6     6     6     6     6     6     6     6
     6     6     6     6     6     6     6     6     6
     6     6     6     6     6     6     6     6     6
     6     6     6     6     6     6     6     6     6
     6     6     6     6     6     6     6     6     6
     6     6     6     6     6     6     6     6     6
     6     6     6     6     6     6     6     6     6
     6     6     6     6     6     6     6     6     6

%Crear la matriz de identidad H de 7x7
H=eye(7,7)

H =

     1     0     0     0     0     0     0
     0     1     0     0     0     0     0
     0     0     1     0     0     0     0
     0     0     0     1     0     0     0
     0     0     0     0     1     0     0
     0     0     0     0     0     1     0
     0     0     0     0     0     0     1

H+3

